=== Chunk 0 | source: sample.md ===
Text: '# Retrieval-Augmented Generation (RAG)\n\nRetrieval-Augmented Generation is a technique that combines document retrieval with large language model gener'...
Embedding dimension: 384
Embedding vector:
[-0.067491, 0.062769, -0.021476, -0.017059, 0.014061, -0.012476, -0.043535, -0.011786, 0.048523, 0.011394, -0.001116, -0.059745, 0.054094, -0.010764, 0.045366, 0.046188, 0.015215, 0.081181, 0.007919, -0.062981, 0.053935, 0.032101, 0.005588, -0.009319, -0.018504, -0.000753, -0.040272, -0.020494, -0.066536, -0.202474, 0.013583, -0.010353, 0.065210, 0.052794, -0.053802, 0.052476, 0.009796, 0.043031, -0.008808, 0.058843, 0.017019, 0.010433, -0.022723, 0.002146, -0.025429, 0.003014, -0.024858, -0.036664, -0.046506, 0.033693, -0.008032, 0.004915, -0.014671, 0.026278, -0.005226, 0.025455, 0.024447, 0.028387, -0.064785, -0.023147, 0.045896, 0.029899, -0.097576, 0.090519, 0.002872, 0.049663, -0.036929, 0.017642, 0.009962, 0.015281, -0.025522, 0.001103, 0.019871, 0.077307, 0.095082, 0.042076, 0.017165, -0.018730, 0.044251, -0.007183, -0.060488, -0.019274, -0.083675, -0.035417, 0.018186, -0.049186, -0.013742, -0.058206, 0.041758, -0.024248, -0.031623, -0.024036, -0.013072, -0.000125, -0.011700, -0.053643, -0.009040, 0.026861, 0.039662, 0.408981, 0.006891, -0.020030, 0.053272, -0.057782, -0.001079, 0.003873, -0.028466, -0.015162, -0.075663, -0.054227, -0.031862, 0.005462, 0.028148, -0.015414, 0.028387, -0.078846, 0.077732, 0.011474, -0.030960, -0.013464, -0.060594, 0.039105, -0.028891, -0.054969, 0.013092, -0.001622, 0.027458, 0.092642, 0.035284, -0.003324, 0.018173, -0.029554, -0.121612, -0.061867, -0.010685, -0.047408, -0.019964, -0.020746, -0.013404, 0.078475, -0.031172, 0.012993, 0.010599, -0.038892, -0.067544, 0.124371, -0.023731, 0.009120, -0.031676, -0.049372, 0.038495, 0.006884, 0.002736, -0.052370, 0.020746, 0.048576, 0.031464, 0.008317, 0.000329, -0.024925, -0.012005, -0.027644, -0.038495, 0.126281, -0.005203, -0.067332, -0.060912, -0.019950, -0.006805, -0.003054, -0.031809, 0.001995, 0.009391, 0.044994, 0.009166, -0.017722, -0.079960, -0.024925, -0.019831, 0.040988, 0.015533, -0.045976, -0.026171, 0.065953, -0.037354, -0.023439, -0.040007, -0.024301, 0.015838, 0.061018, 0.005027, 0.014313, 0.025137, -0.013019, 0.047833, -0.014605, -0.013291, -0.034197, 0.032048, -0.023426, 0.008569, 0.071153, 0.005200, 0.008330, 0.006065, 0.042341, 0.002776, -0.028997, 0.066377, 0.008582, -0.022166, -0.013039, -0.012290, 0.000306, -0.005843, -0.011792, 0.027909, 0.016077, 0.001904, 0.018531, -0.044013, -0.030881, -0.015029, -0.284398, 0.038203, -0.008470, 0.038813, 0.063141, -0.077307, -0.024474, -0.034462, -0.012602, -0.075556, 0.056880, 0.054014, -0.005223, -0.015003, -0.023784, 0.000074, -0.007594, 0.023306, 0.008058, 0.041174, 0.033136, -0.006337, 0.034091, -0.081287, 0.010804, -0.009677, 0.082401, 0.054916, 0.038150, -0.056720, 0.011448, 0.066536, -0.017072, -0.024248, -0.028042, 0.017125, 0.006082, 0.016170, 0.029342, -0.020242, -0.050353, -0.031358, 0.007243, -0.066218, -0.001555, -0.023638, 0.020388, -0.038813, 0.013703, 0.067226, 0.009564, -0.011454, 0.039927, 0.030403, -0.047462, -0.006918, -0.065687, -0.007010, -0.034462, -0.032366, 0.034356, -0.023903, 0.065634, -0.046321, -0.016528, -0.004978, 0.024169, 0.042766, -0.030960, -0.056614, -0.033056, 0.054969, -0.073646, 0.020468, -0.053165, 0.064308, 0.005515, -0.047700, -0.018027, -0.016037, 0.064096, 0.003031, 0.041758, -0.013404, -0.033427, 0.038044, 0.034303, -0.004795, 0.009226, 0.021144, -0.033189, -0.010154, -0.030085, -0.040033, -0.010930, 0.007515, -0.252987, 0.008509, -0.056402, 0.068181, -0.017045, 0.059851, 0.034011, -0.043456, 0.058259, 0.054651, 0.022935, 0.015639, 0.005674, -0.106861, 0.001391, 0.020693, 0.089829, -0.002325, 0.010247, 0.004384, 0.021144, 0.019579, 0.204597, 0.000274, 0.010977, -0.007680, -0.008118, -0.052927, -0.004862, 0.031305, 0.014326, 0.016448, 0.113335, 0.029103, -0.034356, -0.011991, -0.022166, 0.051600, 0.012767, -0.000410, 0.004374, 0.014326, -0.034886, 0.031385, 0.033666, 0.070357, 0.048019, -0.106066, -0.055288, 0.010267, -0.036505, 0.012363, -0.031199, 0.020229, 0.057782, 0.041811, -0.041492, -0.000280, 0.041280, -0.007468, 0.045180, 0.075344, 0.072638, 0.036664, -0.009226]

=== Chunk 1 | source: sample.md ===
Text: '## The RAG Pipeline\n\n1. **Ingestion**: Load documents (PDF, TXT, MD) from disk.\n2. **Chunking**: Split documents into smaller chunks with overlap, so '...
Embedding dimension: 384
Embedding vector:
[-0.074185, 0.008304, 0.000772, -0.024086, 0.018784, -0.014404, -0.073763, -0.015763, -0.020775, 0.025880, -0.007189, -0.059464, 0.028387, -0.003654, -0.001477, 0.029626, 0.026039, 0.063263, 0.000924, -0.025287, 0.017148, -0.009042, -0.007921, -0.034006, -0.014378, -0.000564, -0.035984, -0.082944, -0.036433, -0.241022, 0.046247, -0.025590, 0.046484, 0.016911, -0.018045, 0.011021, 0.051866, 0.076190, -0.001680, 0.021831, 0.067853, 0.001458, -0.044611, -0.041709, -0.018414, 0.012109, -0.037488, -0.034059, -0.010388, 0.018467, -0.068012, -0.017623, -0.032819, 0.011680, 0.000141, 0.017201, 0.037172, 0.067009, -0.034850, 0.005731, 0.015103, 0.021277, -0.065585, 0.095185, 0.048991, 0.052183, -0.061258, 0.030392, -0.004679, 0.070966, -0.033663, 0.016581, 0.003397, 0.096926, 0.022042, 0.030365, 0.039440, 0.029099, 0.028730, -0.019153, -0.089592, 0.013461, 0.032713, 0.007426, -0.051259, -0.044717, 0.047091, -0.016765, -0.019008, -0.040390, 0.022068, -0.006658, -0.008343, -0.013890, -0.059781, -0.073710, 0.010342, 0.000604, 0.067959, 0.386226, 0.005322, 0.027780, 0.030550, -0.043371, -0.000581, 0.005916, 0.033030, -0.011549, -0.057090, -0.016620, -0.021488, -0.018797, 0.039335, -0.027252, 0.054240, -0.022622, 0.033294, 0.039599, -0.069489, -0.014352, -0.062419, 0.043266, -0.022200, -0.000254, 0.030761, 0.012551, 0.057353, 0.054029, 0.000509, 0.003753, -0.036618, -0.037673, -0.087903, -0.007156, -0.003703, -0.002386, -0.019601, -0.014615, 0.017254, 0.071019, -0.018757, 0.051022, 0.022385, -0.067748, -0.066165, 0.149003, -0.000298, -0.010111, -0.010566, -0.083629, 0.036776, -0.002345, 0.003664, -0.038992, 0.017821, 0.021264, 0.013329, -0.002468, -0.040891, -0.002040, -0.044347, -0.051365, -0.039836, 0.112069, 0.005632, -0.047751, -0.035510, -0.012261, 0.021382, -0.048331, 0.005092, -0.034586, -0.002745, 0.067959, 0.014563, 0.023018, -0.074765, -0.023585, 0.042131, 0.020274, 0.034692, 0.008838, 0.008040, 0.059253, -0.018282, -0.054979, -0.041287, 0.019338, 0.017161, 0.088695, -0.007934, -0.016726, -0.000349, 0.003812, -0.023163, -0.035378, 0.005072, -0.015446, -0.030761, -0.018058, 0.064318, 0.055718, -0.003558, -0.005042, -0.001969, 0.001555, 0.006642, -0.030180, 0.041709, 0.029626, 0.008614, -0.019166, -0.018111, 0.003354, 0.007044, -0.042237, 0.096556, 0.012604, -0.015526, 0.053792, -0.050943, -0.066112, -0.049096, -0.311724, 0.002780, 0.018797, 0.021422, 0.079514, -0.034217, 0.010117, 0.014879, -0.005672, 0.016409, 0.042896, 0.005253, -0.051893, -0.055612, 0.005576, 0.037989, -0.036222, -0.009385, -0.042237, 0.027595, 0.035510, 0.002767, 0.016686, -0.040021, 0.030101, -0.007835, 0.118295, -0.013342, 0.010605, -0.067853, 0.018705, 0.033056, -0.066112, -0.060255, -0.028044, -0.012307, 0.002350, 0.012228, -0.016093, 0.012881, -0.058567, -0.012610, -0.010513, -0.087481, -0.007433, -0.022464, -0.012795, 0.045323, 0.017108, 0.019034, 0.005250, 0.028149, 0.032027, 0.035351, -0.025155, 0.014919, -0.020828, -0.009590, -0.052789, -0.031526, 0.023902, -0.085951, 0.025036, -0.051945, -0.022965, -0.023453, 0.062946, 0.069595, -0.005309, -0.007288, -0.059358, 0.024456, -0.106634, 0.022635, 0.012353, 0.078828, 0.005725, -0.014932, -0.032898, -0.046986, 0.074396, 0.001643, 0.074185, -0.013092, -0.009623, 0.043160, 0.025379, -0.005418, 0.021778, 0.008284, -0.009181, -0.033768, -0.035773, -0.001843, 0.004805, 0.038886, -0.258539, 0.040100, 0.003009, 0.042659, 0.034138, 0.021013, 0.062946, -0.053977, 0.074449, 0.051338, -0.034059, 0.065585, 0.009016, -0.082733, 0.008548, 0.022081, 0.077351, 0.010447, 0.015803, -0.012254, -0.029284, -0.008112, 0.192796, -0.049782, -0.024733, -0.003505, -0.015895, -0.023414, -0.015591, 0.015328, 0.048674, -0.000687, 0.103943, 0.014985, -0.029943, -0.001330, 0.023414, 0.049624, 0.053264, -0.008224, 0.011535, 0.003186, -0.053001, 0.017794, -0.002541, 0.010882, 0.038543, -0.065585, -0.053370, -0.002371, -0.014022, -0.034481, 0.006737, -0.005266, 0.022095, 0.080622, -0.040865, 0.027410, -0.011878, 0.034533, 0.026355, 0.009972, 0.051418, 0.052895, -0.018203]

